SIZE = 90,
1607, 1438, 1333, 1573, 1705, 906, 620, 580, 706, 1634, 1050, 573, 1828, 1122, 399, 1203, 1439, 1770, 168, 1120, 1698, 18, 485, 603, 1739, 386, 451, 142, 311, 1111, 744, 762, 1589, 961, 1406, 1494, 822, 1889, 795, 1959, 1228, 1702, 230, 1126, 77, 1569, 1255, 1260, 1228, 1092, 1905, 769, 1002, 1545, 533, 1952, 737, 1242, 1022, 89, 655, 762, 985, 1630, 1834, 1581, 1218, 721, 615, 1748, 1598, 358, 1843, 42, 1097, 749, 1151, 1496, 1600, 1275, 662, 1951, 149, 1835, 510, 1314, 1070, 1678, 1991,
846, 697, 1650, 897, 1208, 750, 749, 272, 1847, 736, 1301, 1957, 1241, 1094, 1862, 826, 1496, 950, 1204, 93, 1722, 1854, 650, 949, 401, 714, 976, 641, 804, 859, 1412, 711, 722, 1261, 1812, 1480, 1018, 794, 264, 125, 777, 1013, 873, 1756, 1403, 1816, 579, 30, 1782, 1448, 641, 204, 231, 614, 124, 1594, 1310, 972, 1870, 275, 303, 63, 1004, 579, 1748, 215, 1949, 1484, 1498, 997, 31, 1891, 1578, 1135, 818, 1118, 1027, 733, 16, 2000, 798, 1431, 207, 1352, 1551, 1085, 720, 343,
1547, 1854, 189, 1930, 593, 1667, 1803, 1703, 1156, 694, 1806, 344, 327, 264, 1759, 846, 745, 1179, 320, 1358, 1841, 1666, 904, 1389, 1608, 165, 1156, 502, 930, 1218, 1905, 1000, 1100, 1478, 517, 1700, 233, 1968, 960, 1623, 1251, 1829, 649, 1157, 1594, 818, 214, 1678, 1182, 691, 681, 104, 1008, 951, 1154, 1087, 1553, 823, 1487, 1246, 683, 199, 1658, 1272, 1019, 1162, 1970, 849, 1389, 357, 1025, 543, 897, 144, 294, 898, 1083, 487, 834, 547, 1762, 813, 1854, 1869, 1441, 298, 725,
1450, 1017, 1075, 214, 322, 1861, 699, 715, 1887, 818, 1104, 1250, 1709, 1320, 766, 177, 412, 1328, 1998, 1702, 751, 258, 1417, 1823, 471, 1948, 879, 307, 1639, 1795, 1806, 1262, 270, 1654, 135, 1801, 1672, 571, 366, 41, 1873, 236, 500, 517, 1914, 1051, 144, 269, 34, 1255, 1276, 1224, 803, 225, 1211, 935, 1409, 599, 69, 634, 942, 1594, 85, 276, 408, 1947, 295, 1651, 1369, 1139, 1666, 640, 1855, 1899, 1452, 1694, 1934, 1197, 962, 11, 1238, 1803, 1687, 1236, 414, 1851,
289, 1829, 1640, 1945, 1533, 1115, 813, 439, 1459, 690, 1151, 44, 997, 1462, 1349, 1032, 1420, 563, 494, 1810, 1226, 1625, 732, 1332, 940, 1115, 1710, 1070, 327, 1097, 765, 3, 109, 1894, 1857, 790, 1043, 63, 331, 244, 120, 374, 1113, 1302, 1002, 846, 1868, 1045, 1996, 1962, 908, 1942, 1416, 482, 141, 341, 295, 1955, 1014, 963, 986, 1550, 1969, 1235, 1318, 314, 1197, 951, 1520, 1712, 1273, 571, 1982, 398, 1121, 453, 869, 1030, 1776, 1119, 188, 485, 1953, 209, 520,
794, 1363, 123, 590, 1852, 60, 905, 1748, 1192, 428, 1807, 1026, 1865, 1801, 1609, 1405, 1987, 967, 52, 83, 1569, 1728, 634, 341, 1317, 1778, 734, 1759, 850, 1734, 1126, 1791, 1427, 1253, 727, 314, 2000, 426, 1793, 134, 1869, 593, 122, 1598, 1613, 496, 1447, 1607, 528, 145, 935, 1815, 869, 1313, 1811, 484, 1985, 949, 653, 1289, 478, 1934, 120, 1776, 652, 418, 699, 1587, 631, 1627, 1939, 500, 1847, 1548, 716, 389, 379, 1082, 1166, 1321, 875, 1505, 110, 450,
60, 248, 1895, 449, 1332, 81, 1801, 1241, 1253, 1703, 1625, 1703, 1171, 425, 1762, 984, 656, 45, 330, 394, 380, 1400, 1027, 328, 87, 442, 691, 316, 1132, 1369, 1003, 1581, 488, 600, 381, 1357, 1123, 186, 1038, 418, 918, 373, 1080, 277, 1974, 352, 1273, 319, 1015, 894, 976, 1161, 542, 1887, 281, 1303, 527, 74, 1509, 1731, 1331, 1289, 1152, 1879, 1425, 1486, 163, 1719, 996, 634, 252, 1088, 1991, 383, 215, 823, 612, 816, 643, 1272, 289, 1370, 1230,
1489, 341, 1133, 351, 1207, 1719, 1616, 343, 1395, 143, 271, 525, 1872, 1985, 927, 1739, 1312, 441, 29, 104, 319, 1135, 23, 1767, 1314, 1376, 424, 1677, 1929, 1655, 1367, 200, 9, 1135, 1588, 1640, 1104, 1820, 1725, 1059, 1252, 819, 1425, 1141, 907, 1842, 23, 1506, 110, 1141, 292, 1915, 767, 137, 1503, 551, 228, 1230, 1713, 1512, 1714, 461, 1935, 871, 423, 1608, 709, 1953, 966, 1304, 583, 1497, 1361, 1286, 717, 1796, 577, 467, 1484, 1010, 478, 1224,
1773, 1745, 1728, 1302, 28, 1209, 1026, 894, 1763, 856, 807, 252, 1561, 168, 1679, 1247, 1239, 1515, 1686, 1586, 407, 1433, 444, 1274, 1199, 1878, 239, 1612, 181, 548, 1691, 944, 1447, 1745, 724, 443, 1668, 1371, 230, 1485, 1560, 1329, 458, 1237, 1971, 1183, 1530, 264, 749, 468, 1979, 1572, 998, 921, 2000, 206, 1887, 1937, 648, 615, 115, 1243, 837, 879, 1421, 286, 1495, 1649, 1371, 673, 1081, 1976, 334, 1682, 306, 1946, 1474, 208, 1652, 157, 186,
228, 393, 402, 1492, 1046, 1517, 48, 1975, 695, 1902, 1041, 1164, 380, 1064, 263, 411, 380, 512, 1027, 759, 945, 1536, 1223, 354, 1755, 442, 816, 1210, 1742, 1225, 160, 1449, 1360, 779, 1263, 1360, 309, 453, 1073, 742, 1319, 1154, 122, 936, 399, 1699, 1546, 1736, 953, 637, 287, 1000, 828, 687, 318, 1004, 1581, 1429, 78, 816, 1991, 541, 1552, 811, 1636, 1967, 1457, 1183, 1291, 167, 1333, 1270, 1831, 1291, 1120, 876, 1991, 671, 484, 1247,
1846, 818, 848, 1427, 893, 271, 1652, 1865, 322, 231, 318, 1550, 250, 551, 1464, 295, 1506, 1345, 1218, 503, 168, 516, 1916, 70, 40, 545, 361, 192, 1393, 450, 425, 963, 1881, 1739, 1576, 1828, 753, 1323, 621, 1502, 748, 879, 1089, 1368, 613, 272, 1629, 1365, 302, 730, 205, 714, 1719, 738, 1088, 574, 697, 10, 1762, 1068, 1993, 1049, 1737, 54, 108, 552, 1890, 1756, 1170, 428, 1367, 1961, 1777, 1146, 1956, 103, 839, 716, 1983,
1182, 1808, 1732, 1133, 1964, 1002, 1222, 1244, 1440, 1568, 1489, 1123, 819, 749, 1153, 580, 1376, 120, 1285, 526, 1272, 26, 1104, 1776, 124, 563, 1241, 1446, 1042, 1189, 1918, 1617, 904, 1379, 444, 62, 887, 210, 1907, 703, 35, 1595, 1977, 1297, 1648, 1115, 1147, 830, 415, 742, 2, 478, 328, 436, 1197, 572, 1596, 1431, 1481, 1786, 1867, 811, 1870, 1802, 1241, 482, 6, 1053, 685, 1626, 1724, 1239, 913, 792, 803, 1748, 883, 1595,
1979, 493, 711, 1753, 1421, 119, 1967, 1595, 182, 1662, 1698, 1742, 480, 1295, 1585, 250, 288, 1487, 162, 132, 1462, 329, 1045, 1869, 447, 1224, 1425, 1204, 300, 870, 1224, 892, 1083, 452, 469, 347, 348, 1492, 1073, 1265, 280, 1579, 944, 1794, 707, 1355, 1418, 1816, 1603, 1133, 1178, 1957, 3, 1814, 1451, 480, 1574, 813, 435, 1311, 1543, 1706, 1738, 181, 976, 11, 748, 441, 1347, 12, 1658, 636, 379, 146, 197, 1317, 663,
1449, 985, 1102, 1017, 1486, 1279, 1089, 194, 676, 1082, 81, 1365, 1375, 188, 194, 1756, 457, 332, 1446, 1185, 142, 344, 271, 161, 367, 1709, 32, 825, 337, 1554, 1836, 1256, 1437, 41, 1933, 670, 1487, 549, 1700, 1697, 1753, 718, 1802, 413, 381, 380, 1032, 1480, 909, 205, 283, 755, 482, 1465, 1948, 1501, 717, 474, 1624, 1732, 1005, 1964, 1611, 829, 1592, 1157, 213, 974, 1300, 1581, 99, 1275, 988, 911, 1612, 433,
677, 558, 1898, 351, 1072, 116, 1381, 398, 688, 1513, 1780, 642, 128, 951, 629, 1456, 508, 19, 14, 982, 816, 74, 1984, 1081, 1178, 294, 1772, 149, 1143, 561, 322, 92, 998, 1279, 640, 1585, 1439, 814, 1886, 676, 98, 625, 653, 12, 292, 491, 884, 1615, 1977, 986, 707, 1196, 1610, 747, 451, 1512, 1465, 1824, 611, 919, 1346, 1622, 1883, 581, 1694, 1822, 324, 1989, 296, 540, 1179, 940, 338, 381, 308,
751, 382, 417, 1353, 309, 1723, 4, 1537, 60, 1668, 961, 132, 156, 1920, 470, 480, 1981, 1925, 1409, 1282, 1612, 1373, 1754, 1196, 901, 596, 1197, 387, 538, 1367, 1347, 1122, 1221, 1006, 534, 1832, 694, 633, 477, 1974, 1855, 1001, 1347, 1079, 74, 1373, 1738, 1996, 756, 137, 1261, 396, 478, 1910, 1870, 15, 9, 1626, 1151, 174, 8, 1389, 1271, 446, 1105, 1832, 1539, 327, 891, 570, 25, 955, 378, 1258,
1651, 1738, 1356, 1899, 901, 451, 1682, 1340, 614, 321, 1388, 1644, 1026, 1610, 1329, 232, 1588, 860, 668, 1955, 840, 852, 1849, 1434, 1352, 145, 601, 69, 398, 791, 1279, 1588, 1265, 334, 952, 428, 1039, 1605, 996, 1569, 1513, 1511, 714, 620, 1099, 1252, 1749, 1577, 1452, 967, 921, 16, 357, 172, 449, 1409, 683, 645, 64, 853, 1886, 1587, 1328, 1912, 907, 1806, 247, 935, 9, 202, 201, 189, 1748,
1685, 642, 1197, 690, 425, 1701, 1812, 1421, 850, 64, 1430, 66, 858, 1299, 1555, 1061, 1638, 1874, 679, 752, 1765, 1026, 624, 1448, 211, 1422, 1007, 318, 302, 23, 1093, 528, 816, 1530, 1413, 1257, 1472, 805, 935, 19, 1612, 460, 968, 224, 1934, 344, 875, 1777, 833, 1513, 1459, 1403, 1272, 1698, 1569, 746, 775, 1568, 1384, 1086, 1471, 1161, 573, 1356, 1244, 1740, 1940, 310, 113, 878, 1662, 1167,
767, 474, 474, 955, 1966, 1120, 1389, 1127, 1164, 18, 1745, 1743, 868, 638, 1344, 1932, 1783, 1484, 1237, 815, 1314, 856, 1218, 0, 454, 1767, 1296, 1889, 450, 512, 66, 1616, 657, 540, 1999, 1347, 899, 1085, 526, 1312, 1108, 219, 1716, 225, 1832, 895, 1279, 657, 428, 1965, 557, 759, 154, 481, 869, 948, 155, 1410, 579, 1894, 176, 1643, 1766, 996, 434, 624, 485, 310, 1450, 862, 1542,
702, 337, 125, 120, 476, 433, 1395, 935, 1810, 1440, 589, 799, 1891, 519, 158, 1222, 402, 863, 703, 630, 1327, 1761, 1492, 335, 226, 315, 1791, 1470, 1540, 247, 495, 431, 263, 1513, 1092, 1152, 1961, 1176, 1062, 1100, 1723, 1491, 106, 1070, 1142, 262, 178, 1913, 1055, 1198, 1643, 93, 1031, 1238, 257, 1358, 1797, 1815, 672, 1558, 620, 1802, 78, 1096, 6, 1218, 1188, 1100, 169, 1338,
1109, 1861, 621, 975, 91, 1495, 984, 1502, 1758, 1963, 1277, 1989, 223, 847, 286, 1320, 1997, 1836, 869, 1356, 1065, 1355, 1595, 287, 597, 803, 1615, 1532, 984, 1760, 1850, 597, 327, 348, 1533, 108, 296, 352, 1913, 1093, 1054, 1711, 202, 231, 1067, 889, 1168, 1591, 1148, 380, 1085, 1279, 417, 1340, 424, 862, 162, 839, 1900, 1576, 742, 1742, 1793, 766, 300, 1073, 31, 1897, 330,
1373, 692, 1331, 405, 811, 1768, 1263, 205, 1916, 1333, 1713, 1039, 1006, 1446, 1918, 278, 275, 807, 1084, 1289, 1108, 861, 1274, 632, 89, 205, 131, 1968, 1331, 1646, 556, 274, 35, 1700, 553, 440, 1786, 1653, 1719, 1267, 1598, 227, 109, 687, 586, 1622, 1664, 66, 954, 1602, 1971, 293, 1723, 241, 1351, 305, 321, 467, 344, 263, 1594, 787, 667, 306, 450, 163, 1691, 798,
835, 1600, 1321, 1076, 1274, 337, 1331, 1501, 1216, 348, 1569, 578, 1316, 1271, 832, 1427, 1806, 954, 592, 499, 797, 6, 710, 1729, 274, 257, 1358, 131, 1579, 956, 647, 286, 1098, 1552, 1430, 341, 1385, 1798, 1348, 1099, 873, 1744, 1274, 1562, 55, 609, 810, 1327, 75, 1157, 557, 679, 380, 1574, 1578, 153, 1416, 263, 1428, 1222, 1692, 1213, 912, 966, 1944, 1692, 1319,
1921, 905, 873, 225, 128, 210, 659, 204, 992, 1244, 289, 1856, 198, 1610, 965, 33, 1090, 251, 1747, 46, 826, 431, 853, 1117, 402, 1923, 1556, 838, 1736, 1986, 1362, 1582, 1111, 786, 1494, 422, 526, 1821, 602, 1632, 623, 1455, 1670, 873, 528, 1306, 1456, 1962, 1947, 1634, 1203, 501, 718, 1208, 1045, 280, 1274, 292, 336, 1768, 421, 1677, 315, 1475, 126, 1382,
729, 1074, 1018, 1415, 78, 19, 1798, 108, 1480, 541, 47, 1211, 492, 1809, 1013, 1001, 1031, 466, 900, 1472, 1248, 378, 1561, 1034, 887, 555, 180, 19, 338, 763, 164, 1993, 764, 1272, 1987, 1102, 302, 1063, 1490, 1555, 851, 993, 1341, 1351, 922, 1916, 1600, 1665, 867, 1939, 1065, 1325, 382, 1126, 1540, 200, 635, 1060, 1180, 1296, 7, 125, 1407, 1293, 1925,
659, 1923, 1851, 777, 1771, 680, 973, 89, 1453, 318, 1399, 1229, 1264, 1190, 1504, 1018, 640, 1016, 1093, 1245, 1164, 788, 1465, 190, 346, 324, 797, 1826, 1004, 1370, 540, 450, 1205, 417, 65, 1399, 174, 500, 1730, 1565, 619, 319, 517, 1487, 243, 243, 628, 999, 1874, 230, 1785, 724, 1454, 1525, 42, 1197, 1700, 168, 1625, 596, 320, 1595, 1732, 1997,
1398, 1438, 1688, 1943, 106, 1783, 1553, 1907, 168, 1252, 1874, 1109, 715, 1296, 450, 1331, 1939, 383, 328, 1251, 1302, 1432, 538, 1790, 937, 249, 780, 826, 863, 352, 1693, 1083, 967, 693, 1456, 969, 1006, 1263, 754, 943, 1107, 409, 666, 1052, 27, 895, 440, 307, 181, 828, 1550, 1644, 1186, 1159, 1837, 189, 1508, 465, 1156, 1802, 827, 759, 716,
1404, 1260, 779, 1191, 708, 634, 985, 178, 269, 1764, 994, 1243, 145, 450, 257, 1203, 1512, 1011, 1863, 1990, 1909, 310, 1019, 964, 1332, 870, 465, 1214, 1128, 653, 716, 1040, 361, 774, 1994, 1684, 1741, 1305, 1367, 769, 1218, 148, 1806, 1595, 289, 1484, 746, 527, 1813, 705, 91, 1993, 1090, 338, 1647, 805, 1064, 881, 1277, 893, 115, 127,
1513, 1569, 1068, 839, 1632, 1515, 1471, 1910, 994, 746, 849, 465, 1336, 517, 399, 642, 710, 1857, 438, 137, 1445, 936, 287, 1799, 1186, 1068, 1898, 1813, 1145, 706, 12, 451, 1061, 1967, 1816, 1143, 1824, 1645, 1121, 905, 896, 365, 1058, 201, 406, 1654, 1923, 695, 379, 283, 587, 1934, 1790, 12, 1350, 1989, 760, 926, 1468, 276, 1419,
927, 43, 148, 404, 1904, 1663, 116, 1960, 464, 223, 584, 427, 1024, 1052, 1893, 1471, 206, 764, 951, 452, 1783, 1629, 1248, 141, 521, 1258, 1475, 1690, 522, 677, 1252, 319, 681, 1134, 1260, 669, 197, 72, 1807, 284, 1631, 510, 713, 22, 706, 910, 1500, 119, 1266, 708, 984, 1451, 1456, 1789, 1533, 1609, 1515, 720, 1603, 1100,
825, 1028, 497, 470, 2000, 1565, 1209, 1427, 1986, 691, 367, 1922, 104, 1165, 1993, 1024, 1377, 522, 951, 739, 496, 1478, 693, 1149, 1542, 1810, 53, 749, 1565, 653, 1870, 1384, 1278, 850, 430, 741, 532, 1698, 1714, 1053, 112, 1500, 261, 688, 862, 1487, 163, 1445, 1462, 1899, 1982, 854, 860, 1494, 789, 510, 1387, 1634, 1090,
37, 997, 130, 943, 1334, 731, 582, 393, 284, 1798, 366, 1318, 772, 363, 1610, 202, 1334, 911, 1219, 18, 96, 614, 1165, 1614, 76, 161, 1004, 1142, 28, 1749, 1889, 195, 976, 1150, 1511, 583, 1396, 1745, 682, 1893, 476, 1091, 1349, 483, 297, 1170, 418, 1111, 1908, 1528, 1468, 1141, 21, 1492, 1077, 1291, 906, 613,
1208, 637, 431, 290, 1879, 1631, 1424, 1376, 527, 1373, 1766, 1222, 1469, 1866, 1430, 603, 1108, 1128, 1479, 928, 277, 843, 1135, 865, 869, 1952, 872, 1578, 1602, 1656, 1158, 959, 178, 55, 790, 301, 1196, 1400, 607, 516, 202, 888, 1010, 1946, 1639, 334, 161, 1044, 101, 1332, 1355, 859, 1577, 1411, 1649, 1119, 1787,
185, 234, 1576, 1413, 921, 1183, 1607, 164, 1075, 170, 281, 737, 1974, 1571, 835, 423, 443, 1919, 886, 164, 1650, 1901, 1455, 457, 1274, 1817, 283, 1663, 736, 1692, 1519, 753, 1750, 571, 1441, 370, 340, 1211, 140, 568, 1035, 291, 1958, 1953, 1596, 564, 1207, 882, 776, 368, 1127, 563, 994, 1470, 1817, 971,
1358, 94, 414, 1285, 561, 1879, 1745, 1580, 391, 1233, 289, 1962, 750, 833, 1126, 1447, 169, 78, 469, 1428, 1763, 1649, 1478, 1954, 169, 725, 1449, 164, 127, 156, 103, 361, 111, 1996, 1449, 494, 1598, 304, 67, 41, 876, 548, 995, 263, 1796, 79, 1421, 1900, 1606, 1418, 919, 1599, 1405, 1881, 1824,
1393, 1002, 69, 1810, 1592, 1824, 1227, 883, 1939, 941, 1882, 339, 1473, 339, 243, 563, 1963, 1617, 1211, 485, 270, 1870, 460, 1025, 184, 1385, 1774, 1327, 1426, 906, 3, 1757, 1276, 1453, 1005, 1272, 1529, 1864, 866, 862, 740, 702, 1517, 1735, 1630, 1308, 1033, 113, 78, 1974, 1720, 867, 1906, 1801,
1282, 1881, 135, 21, 1030, 560, 994, 1489, 1104, 1385, 228, 1581, 593, 316, 1508, 1680, 1965, 1921, 1352, 1768, 1406, 498, 1573, 709, 835, 1805, 181, 795, 1166, 905, 192, 566, 1849, 467, 2, 1502, 65, 805, 680, 449, 470, 173, 1364, 32, 1813, 1534, 772, 892, 236, 323, 1598, 1988, 108,
307, 1095, 1641, 1654, 929, 1698, 111, 522, 481, 494, 624, 505, 263, 1039, 112, 290, 1867, 543, 734, 1605, 349, 1257, 1919, 1042, 1749, 1472, 80, 294, 647, 654, 111, 226, 1965, 1073, 1459, 1442, 1356, 322, 60, 1655, 1589, 536, 227, 1655, 1584, 894, 313, 500, 612, 1645, 1161, 980,
1436, 396, 1409, 1279, 312, 97, 68, 1646, 1045, 1875, 512, 1446, 870, 680, 170, 982, 70, 261, 1413, 1370, 696, 48, 718, 4, 39, 1772, 145, 1835, 401, 1492, 992, 189, 1790, 612, 507, 1855, 692, 120, 937, 1608, 1674, 1772, 412, 832, 1472, 1131, 1465, 1606, 1619, 1619, 1558,
1996, 831, 24, 432, 131, 1770, 1311, 1908, 641, 1152, 705, 766, 1374, 1644, 1146, 1463, 482, 1152, 1367, 381, 509, 1590, 809, 563, 1537, 1680, 835, 1680, 1088, 873, 849, 591, 1308, 1897, 1673, 731, 633, 1116, 1085, 1392, 925, 579, 1392, 1540, 351, 614, 335, 289, 997, 732,
1828, 1426, 1833, 1520, 1006, 267, 362, 1836, 84, 1405, 1525, 1788, 482, 1033, 1531, 4, 559, 1170, 395, 1223, 1949, 1277, 229, 1340, 1813, 1934, 703, 1735, 217, 1091, 674, 13, 889, 1924, 561, 676, 713, 638, 755, 1696, 1306, 217, 1955, 216, 402, 1958, 1499, 1203, 1237,
897, 1712, 1475, 318, 401, 1024, 729, 285, 1924, 1890, 790, 886, 964, 1477, 554, 908, 500, 569, 270, 1319, 1615, 1585, 39, 896, 1881, 1394, 1670, 789, 1047, 518, 1676, 514, 198, 148, 704, 480, 730, 1950, 1929, 996, 1752, 894, 165, 911, 16, 1315, 1579, 494,
172, 1725, 868, 653, 977, 574, 1761, 1497, 1435, 1679, 262, 488, 1793, 2000, 920, 25, 360, 778, 1638, 1026, 257, 372, 536, 355, 736, 1818, 1733, 1341, 289, 1085, 885, 379, 1170, 1424, 1089, 1137, 128, 1467, 1376, 534, 10, 1437, 1853, 1580, 1126, 824, 1353,
617, 666, 1852, 335, 210, 631, 978, 1012, 44, 1171, 1209, 1520, 1207, 1799, 1343, 1338, 1889, 1860, 1071, 1637, 315, 1147, 455, 337, 1131, 0, 1517, 1864, 20, 1697, 88, 1969, 1810, 344, 1796, 1793, 1360, 1502, 776, 806, 32, 711, 625, 1600, 487, 1192,
1991, 815, 286, 1514, 297, 137, 1068, 1202, 1889, 402, 1746, 618, 326, 828, 1618, 1801, 1484, 1450, 1637, 921, 1923, 605, 1546, 192, 1778, 439, 1138, 1188, 1863, 1495, 1081, 955, 1461, 1715, 403, 117, 1194, 306, 1555, 539, 1842, 1587, 1258, 922, 1365,
602, 332, 1346, 1083, 1730, 1905, 219, 1398, 249, 413, 1216, 1202, 1429, 538, 172, 1627, 241, 1092, 1974, 629, 1144, 809, 136, 223, 902, 91, 1134, 744, 179, 412, 430, 1107, 665, 1165, 289, 823, 1651, 1885, 1637, 38, 1652, 1910, 487, 663,
1733, 604, 1791, 1977, 667, 1232, 1913, 1332, 1386, 1946, 866, 780, 326, 1729, 253, 44, 866, 335, 1662, 796, 895, 194, 630, 1627, 542, 1367, 935, 1037, 1963, 560, 1491, 435, 1563, 1399, 1088, 1136, 1014, 393, 1022, 864, 1331, 459, 668,
42, 1183, 100, 481, 1641, 442, 218, 492, 1730, 1880, 1110, 1292, 968, 1135, 390, 789, 601, 1067, 1287, 857, 273, 1933, 758, 655, 175, 1493, 1101, 1592, 1782, 1703, 248, 406, 1560, 1387, 1465, 710, 710, 1843, 1885, 296, 722, 1636,
386, 170, 428, 1873, 1131, 1693, 1261, 470, 506, 1559, 1795, 1846, 1996, 1110, 547, 1257, 1425, 1019, 1743, 1602, 999, 678, 1307, 871, 798, 820, 1835, 265, 1776, 817, 1029, 1363, 573, 1554, 688, 1552, 288, 1683, 1536, 1195, 396,
1407, 166, 382, 269, 1321, 279, 942, 127, 1497, 1190, 1011, 21, 623, 1599, 1919, 1000, 883, 1722, 470, 1593, 649, 985, 1357, 664, 554, 692, 1344, 195, 372, 125, 117, 572, 728, 1657, 1211, 1435, 1184, 1277, 790, 1289,
1483, 947, 968, 1435, 858, 474, 276, 1565, 1329, 1078, 1710, 854, 140, 1451, 917, 760, 1620, 1497, 383, 1182, 498, 1096, 1885, 1318, 217, 1658, 667, 1777, 1927, 1326, 1863, 930, 1939, 847, 1533, 1701, 375, 117, 1130,
377, 1795, 1092, 1431, 616, 722, 662, 212, 17, 135, 324, 413, 1283, 1410, 1430, 71, 43, 45, 202, 1038, 1408, 1851, 465, 726, 124, 1074, 877, 1041, 672, 676, 1416, 418, 1071, 1047, 906, 274, 1905, 1898,
37, 1001, 78, 1146, 1066, 840, 1030, 1437, 774, 723, 959, 190, 541, 1210, 1837, 569, 1354, 1905, 1726, 1900, 1570, 1864, 812, 784, 925, 1805, 1480, 2000, 952, 1132, 821, 1063, 1029, 341, 194, 856, 896,
1891, 1658, 1974, 1575, 858, 1713, 1111, 1574, 1219, 781, 1891, 131, 1757, 1049, 795, 658, 1006, 1388, 212, 1802, 1338, 287, 81, 73, 1193, 1453, 829, 1599, 615, 1688, 1100, 180, 432, 1241, 1419, 411,
144, 767, 162, 1294, 422, 969, 1480, 1312, 1447, 1345, 1876, 1095, 904, 864, 641, 1701, 1764, 1317, 238, 426, 727, 872, 1547, 1121, 492, 1943, 1236, 1172, 1702, 1003, 1901, 364, 1827, 1232, 90,
1367, 739, 866, 1546, 1326, 658, 1572, 100, 878, 241, 660, 840, 1018, 1393, 1370, 58, 179, 1961, 165, 405, 1065, 1524, 767, 441, 1614, 1903, 1765, 260, 1141, 1482, 691, 1520, 1671, 1745,
770, 176, 1221, 1896, 774, 522, 959, 528, 931, 1289, 1196, 466, 1369, 791, 1732, 622, 1448, 367, 632, 823, 82, 697, 945, 858, 1164, 1557, 352, 1223, 664, 620, 200, 91, 642,
1646, 441, 970, 190, 668, 818, 1302, 1645, 550, 306, 456, 5, 444, 1426, 1312, 582, 1170, 1939, 1915, 1000, 379, 831, 736, 1563, 1222, 452, 1368, 560, 1890, 215, 807, 1297,
343, 1834, 65, 1843, 1039, 1451, 37, 277, 1929, 1402, 1994, 189, 67, 783, 1695, 1900, 747, 1659, 1772, 148, 670, 716, 1111, 810, 1790, 46, 530, 230, 284, 1226, 637,
140, 299, 1638, 786, 1890, 356, 480, 484, 716, 97, 213, 1313, 1120, 329, 311, 193, 1244, 258, 1214, 1065, 177, 1695, 148, 749, 1777, 1087, 960, 925, 1196, 1745,
821, 548, 785, 805, 1769, 451, 194, 165, 1526, 1150, 427, 1616, 1659, 1537, 305, 733, 1598, 1923, 1659, 65, 135, 1711, 45, 1993, 532, 71, 1578, 1221, 897,
611, 1812, 190, 1605, 808, 762, 441, 1025, 419, 227, 1988, 102, 365, 1742, 1655, 1503, 1453, 934, 1456, 199, 1757, 1106, 1951, 1632, 811, 41, 415, 606,
1895, 1000, 874, 1688, 1547, 1480, 80, 1055, 1686, 54, 1046, 650, 1246, 1782, 919, 1492, 688, 79, 34, 834, 1183, 682, 246, 457, 1405, 1602, 253,
1437, 1281, 1847, 46, 1064, 1952, 1047, 262, 1408, 1864, 56, 1622, 1192, 1335, 1941, 1504, 954, 396, 1282, 580, 1638, 1968, 1148, 1720, 1170, 415,
1511, 1058, 439, 1496, 1277, 661, 1864, 1654, 845, 1710, 569, 1559, 738, 188, 474, 1108, 25, 154, 1243, 1365, 1615, 327, 1692, 572, 1610,
132, 1261, 1757, 1982, 1126, 481, 1379, 1201, 1247, 260, 1199, 1506, 1667, 712, 1976, 1315, 1321, 475, 700, 1150, 428, 384, 328, 1168,
872, 198, 335, 585, 1717, 687, 1370, 852, 584, 611, 1263, 482, 1208, 1292, 594, 341, 239, 883, 931, 1291, 1736, 573, 1692,
1862, 848, 1316, 326, 274, 59, 221, 944, 351, 1631, 752, 131, 1103, 1154, 1631, 604, 796, 1034, 293, 1227, 463, 1277,
1473, 112, 289, 1976, 1324, 936, 1279, 1436, 940, 344, 811, 265, 1015, 1870, 103, 1727, 1987, 1764, 1519, 1159, 1354,
541, 623, 1371, 619, 367, 936, 30, 921, 1627, 1946, 1547, 698, 289, 940, 178, 992, 1411, 601, 459, 1241,
729, 1447, 741, 6, 613, 431, 1930, 1148, 1448, 9, 1341, 1360, 1351, 472, 1157, 224, 1874, 1983, 330,
11, 1746, 167, 390, 514, 1045, 1660, 1657, 760, 1313, 472, 542, 292, 1299, 877, 1114, 828, 881,
879, 625, 275, 1874, 626, 1824, 767, 837, 1271, 11, 1085, 1648, 1932, 1483, 1564, 1820, 1430,
209, 1145, 683, 1957, 763, 295, 189, 473, 250, 1807, 1813, 1103, 548, 672, 705, 1638,
1059, 1886, 1201, 1333, 1277, 753, 1615, 993, 681, 372, 1785, 1555, 1791, 997, 1798,
1381, 1576, 108, 845, 1743, 14, 1053, 1558, 52, 984, 999, 586, 838, 213,
866, 122, 335, 17, 515, 1901, 969, 777, 961, 1752, 301, 1058, 8,
1680, 717, 1083, 97, 640, 1580, 69, 333, 387, 93, 701, 930,
1653, 650, 1735, 1209, 1470, 1517, 589, 831, 1816, 1924, 1245,
89, 241, 1950, 788, 921, 297, 276, 926, 190, 1261,
1445, 1026, 1643, 1441, 1888, 984, 1163, 39, 1356,
213, 207, 767, 1400, 814, 651, 529, 407,
1524, 599, 126, 102, 1731, 1336, 626,
1580, 762, 265, 1083, 1315, 89,
297, 464, 1324, 41, 365,
683, 739, 1791, 459,
1097, 1965, 1940,
1352, 317,
954,
NOTE = 