SIZE = 90,
137, 1796, 1985, 1156, 1764, 634, 1994, 142, 819, 214, 946, 1865, 337, 957, 510, 534, 1818, 1102, 1100, 1428, 595, 151, 367, 1988, 1217, 1974, 1581, 1978, 1451, 787, 1119, 438, 1300, 704, 1587, 1724, 544, 1604, 1640, 785, 1368, 704, 879, 1203, 701, 154, 333, 1704, 1022, 317, 86, 666, 75, 1785, 1193, 634, 1642, 1126, 512, 751, 1885, 393, 115, 202, 1293, 780, 920, 1698, 851, 954, 432, 1422, 34, 1550, 1496, 1644, 1511, 73, 425, 234, 670, 557, 264, 1690, 1443, 1094, 1372, 362, 179,
963, 1791, 1523, 1056, 1645, 637, 1007, 607, 581, 1024, 563, 368, 1807, 1161, 276, 593, 350, 1692, 476, 1583, 1762, 1157, 1020, 1424, 86, 980, 554, 580, 533, 493, 1840, 590, 224, 281, 30, 1182, 850, 237, 851, 1139, 324, 623, 256, 1095, 1908, 449, 699, 258, 870, 408, 1236, 1764, 1769, 1154, 1671, 1710, 1182, 1114, 834, 1435, 581, 925, 396, 1937, 1716, 1414, 816, 704, 836, 1958, 62, 863, 1896, 1690, 1562, 1068, 1590, 601, 1139, 822, 560, 1043, 242, 1648, 985, 532, 808, 1182,
942, 1472, 375, 1052, 85, 259, 924, 893, 1374, 1279, 1487, 31, 842, 86, 1342, 1053, 1682, 1076, 122, 1457, 1697, 1822, 682, 1303, 828, 1469, 189, 1331, 1068, 979, 1555, 303, 1918, 273, 420, 1708, 347, 1710, 1308, 233, 419, 499, 1034, 136, 662, 1604, 1609, 459, 101, 1052, 308, 1964, 515, 136, 462, 1897, 1247, 364, 784, 1387, 575, 442, 440, 177, 1468, 789, 1975, 633, 1985, 1801, 1108, 754, 379, 1526, 107, 711, 678, 441, 1877, 1449, 621, 695, 698, 644, 624, 68, 243,
1946, 1642, 883, 451, 160, 680, 1460, 1152, 65, 1880, 1360, 1735, 1815, 533, 1033, 445, 1007, 1774, 1893, 1673, 1980, 1632, 122, 1308, 945, 770, 672, 361, 9, 972, 1643, 578, 1166, 1032, 1206, 1360, 942, 1080, 1073, 1469, 41, 1053, 107, 1608, 47, 1221, 1785, 1465, 705, 488, 733, 1976, 66, 809, 562, 668, 1670, 631, 947, 1165, 348, 88, 948, 1716, 1993, 1538, 1195, 1511, 1146, 411, 794, 122, 1165, 31, 1460, 1586, 913, 1046, 253, 743, 9, 956, 919, 843, 1745, 374,
1260, 1863, 763, 1522, 337, 836, 182, 742, 1463, 525, 265, 1259, 1691, 1544, 1502, 90, 1935, 551, 1005, 788, 1598, 895, 1414, 645, 1828, 821, 171, 358, 1097, 307, 1551, 1119, 58, 548, 1611, 1860, 547, 486, 98, 1619, 1360, 1513, 6, 1094, 1278, 1742, 1590, 1040, 1099, 1074, 262, 1841, 772, 1047, 447, 168, 737, 919, 1257, 828, 1270, 1262, 1169, 1296, 1563, 471, 151, 954, 891, 1286, 1308, 823, 1601, 316, 405, 1285, 1962, 446, 302, 73, 189, 169, 200, 1222, 1487,
225, 1253, 72, 1598, 799, 585, 1524, 189, 1506, 1995, 32, 1159, 3, 756, 284, 949, 1776, 1357, 987, 237, 889, 1783, 1473, 252, 1842, 437, 450, 162, 1069, 1379, 1452, 905, 1352, 54, 1299, 264, 529, 320, 865, 115, 835, 497, 256, 781, 457, 694, 368, 298, 471, 724, 59, 237, 1045, 785, 522, 1097, 240, 965, 477, 87, 1396, 787, 1027, 1463, 377, 262, 391, 1167, 1611, 1274, 1889, 211, 420, 972, 1253, 141, 544, 347, 1726, 1208, 643, 672, 19, 1029,
1050, 1357, 1371, 1266, 1666, 1025, 301, 579, 581, 1978, 752, 720, 1465, 1101, 398, 1287, 1540, 1219, 1999, 994, 1999, 1501, 1813, 1991, 1339, 1832, 1221, 782, 385, 1079, 1576, 1510, 650, 918, 196, 861, 1373, 1684, 1073, 1295, 1136, 666, 256, 2, 406, 1013, 966, 606, 2000, 603, 1489, 1797, 175, 1342, 725, 615, 380, 1715, 1444, 1803, 1475, 106, 175, 1076, 1696, 1729, 535, 975, 1399, 976, 1439, 1710, 1402, 1565, 483, 1608, 361, 555, 192, 588, 1163, 204, 19,
1027, 1012, 564, 1020, 1850, 1550, 1539, 868, 1853, 546, 196, 711, 1402, 479, 134, 1743, 644, 1568, 1833, 1035, 392, 1567, 635, 1008, 573, 1106, 343, 970, 1787, 1276, 1069, 1961, 1479, 1707, 267, 208, 1734, 1445, 454, 488, 356, 1144, 852, 1443, 575, 321, 1965, 673, 1122, 898, 491, 1625, 1551, 227, 1466, 1298, 1240, 1875, 629, 101, 399, 62, 1515, 1624, 441, 1471, 91, 363, 690, 1209, 618, 289, 1582, 1895, 1515, 1564, 1018, 1396, 247, 426, 744, 1051,
1523, 1930, 668, 577, 1680, 1581, 1022, 923, 713, 1225, 844, 1483, 1365, 739, 1174, 218, 1038, 763, 377, 1991, 1620, 1579, 1964, 974, 1033, 179, 1087, 1828, 186, 6, 1271, 1891, 361, 15, 889, 246, 1047, 439, 629, 137, 1304, 1350, 934, 1345, 93, 1566, 1433, 189, 1858, 1657, 1031, 894, 1208, 50, 1286, 1527, 805, 86, 411, 1581, 1425, 1825, 135, 648, 178, 405, 802, 1576, 227, 799, 84, 890, 727, 525, 1523, 840, 849, 1765, 1781, 1200, 989,
1344, 1606, 1828, 1047, 120, 1955, 1241, 457, 622, 1007, 1861, 882, 888, 278, 1625, 291, 1010, 1541, 557, 1998, 1785, 1464, 1156, 1729, 1733, 1849, 1533, 1816, 24, 1097, 1601, 1354, 748, 620, 1210, 600, 1527, 21, 422, 924, 727, 1422, 95, 377, 1470, 1551, 1195, 1704, 807, 580, 1753, 1228, 910, 963, 1696, 832, 348, 1568, 387, 926, 506, 1475, 1417, 1417, 1692, 682, 152, 388, 1989, 1701, 838, 1212, 1654, 1892, 18, 1111, 153, 1686, 112, 767,
371, 1519, 1174, 542, 1115, 1916, 161, 1734, 258, 801, 1583, 1589, 300, 225, 232, 1803, 1465, 1523, 133, 1544, 279, 534, 1448, 1332, 1928, 717, 303, 67, 1300, 1264, 1479, 1000, 1089, 206, 657, 1757, 247, 843, 484, 33, 1991, 1623, 1719, 1486, 719, 799, 1076, 1522, 519, 82, 248, 658, 683, 1447, 191, 204, 540, 1130, 465, 867, 1562, 1386, 444, 478, 704, 362, 617, 1522, 310, 756, 302, 172, 63, 408, 1948, 1121, 1973, 1035, 612,
1637, 1247, 1902, 1273, 1341, 996, 477, 695, 1656, 823, 1257, 294, 1033, 1281, 1626, 825, 1492, 1605, 690, 1171, 1270, 1241, 785, 447, 47, 57, 256, 314, 1823, 907, 1403, 1664, 567, 96, 1292, 434, 357, 304, 221, 1069, 1734, 464, 961, 1685, 1507, 836, 578, 835, 402, 310, 351, 845, 1427, 1554, 1884, 1422, 1322, 610, 304, 1088, 1009, 1010, 1808, 1466, 1165, 604, 1096, 1208, 131, 549, 1473, 440, 272, 667, 343, 571, 724, 662,
333, 190, 144, 1235, 586, 275, 1252, 1754, 1095, 1456, 812, 1434, 1903, 545, 1032, 1507, 1739, 230, 1694, 1230, 1363, 69, 744, 581, 843, 276, 779, 508, 1293, 42, 813, 1520, 1873, 1766, 1033, 295, 718, 1201, 1286, 813, 172, 1844, 1376, 1228, 941, 671, 530, 619, 1982, 1403, 1002, 27, 184, 1681, 687, 1279, 495, 1036, 16, 707, 488, 1725, 894, 431, 1323, 637, 1400, 1766, 1088, 852, 680, 902, 459, 35, 353, 456, 795,
1514, 185, 1931, 1334, 287, 565, 1279, 1866, 649, 1615, 1578, 1591, 1462, 998, 1695, 1992, 908, 584, 1934, 1383, 20, 1627, 1316, 1932, 669, 811, 1157, 419, 1082, 1171, 1537, 873, 138, 1678, 1837, 1522, 1666, 837, 77, 1911, 1157, 880, 1214, 634, 1319, 1247, 704, 757, 1151, 1595, 198, 843, 1762, 1925, 1054, 887, 1254, 249, 646, 1462, 636, 795, 334, 1640, 1334, 376, 186, 1208, 316, 770, 1174, 261, 1609, 1036, 735, 3,
1035, 48, 637, 692, 127, 429, 882, 1395, 922, 1407, 397, 1921, 1787, 289, 1594, 1987, 822, 140, 374, 1506, 1032, 88, 1859, 211, 1607, 1677, 422, 519, 1637, 1394, 1888, 66, 1844, 1783, 1431, 53, 32, 1114, 1305, 18, 902, 1712, 1357, 237, 1706, 913, 1810, 1372, 1956, 363, 450, 1581, 1039, 719, 994, 1397, 1417, 485, 1776, 1494, 109, 638, 1869, 1303, 864, 223, 598, 1355, 1175, 0, 1308, 106, 1917, 46, 1820,
165, 119, 124, 1687, 1587, 1973, 1000, 1180, 558, 859, 498, 619, 1505, 1452, 994, 191, 598, 1012, 544, 23, 276, 1811, 1118, 889, 1724, 50, 1728, 1922, 864, 1807, 393, 393, 271, 1290, 1860, 866, 1845, 1510, 1914, 151, 1733, 1612, 1406, 1929, 1556, 1723, 1525, 1953, 149, 48, 1542, 1539, 169, 697, 711, 1876, 1843, 26, 1598, 1802, 1049, 202, 739, 1686, 51, 652, 606, 74, 866, 1880, 1520, 68, 1680, 735,
62, 1898, 1137, 1641, 726, 623, 1964, 1657, 1351, 230, 1994, 1034, 553, 693, 229, 431, 668, 1188, 1244, 1041, 1395, 249, 1800, 1610, 447, 1989, 1545, 1088, 705, 1306, 973, 376, 425, 145, 1663, 1353, 653, 416, 273, 1442, 1129, 161, 1913, 116, 1960, 781, 1227, 165, 508, 410, 1923, 792, 1954, 682, 528, 494, 787, 994, 720, 667, 1333, 1998, 945, 439, 1073, 982, 1320, 1690, 577, 1786, 1619, 1961, 1337,
1838, 1787, 265, 311, 990, 1584, 424, 541, 976, 855, 1493, 825, 236, 246, 804, 1782, 408, 1725, 1000, 692, 530, 1354, 856, 1565, 1290, 915, 1755, 1978, 369, 1627, 839, 970, 1291, 14, 1516, 1888, 909, 537, 851, 1471, 1676, 231, 1924, 1652, 1979, 237, 1821, 1480, 1769, 277, 498, 1641, 1815, 1667, 968, 1260, 147, 1666, 1816, 506, 126, 1295, 555, 793, 323, 585, 1138, 1041, 1989, 1672, 453, 1479,
529, 1139, 823, 1014, 1859, 1112, 804, 1094, 659, 401, 1666, 725, 324, 667, 1041, 98, 262, 949, 1659, 52, 819, 261, 1601, 948, 258, 596, 489, 738, 1841, 332, 1145, 1385, 1936, 702, 1454, 422, 470, 1586, 594, 360, 1533, 537, 943, 1312, 1839, 164, 985, 1482, 1283, 552, 609, 1166, 1739, 146, 1561, 1108, 1547, 1530, 1103, 340, 1622, 1888, 301, 1897, 924, 1546, 229, 594, 693, 1364, 1295,
1817, 1028, 164, 1264, 476, 1500, 954, 184, 497, 70, 1565, 676, 1802, 1411, 214, 260, 636, 268, 365, 1906, 1492, 1232, 1316, 269, 1952, 1192, 778, 593, 616, 436, 1976, 289, 1091, 1732, 352, 597, 1123, 1318, 1977, 1837, 781, 86, 231, 279, 263, 1027, 1408, 388, 921, 1212, 1613, 1603, 701, 42, 1670, 132, 457, 1146, 994, 605, 254, 1046, 997, 1455, 1361, 789, 765, 9, 678, 322,
643, 1324, 259, 1154, 1630, 1341, 1368, 1031, 911, 193, 214, 690, 1982, 1800, 1958, 836, 1886, 170, 468, 876, 568, 204, 877, 929, 71, 1288, 1983, 1766, 1003, 728, 1451, 32, 1576, 1029, 1711, 1258, 80, 1395, 91, 1839, 516, 1478, 951, 602, 263, 1882, 583, 926, 687, 855, 1874, 319, 1089, 1808, 1285, 873, 23, 595, 1966, 1256, 1193, 1794, 1487, 641, 860, 1168, 148, 1879, 1835,
729, 1534, 1344, 1374, 1053, 449, 1669, 166, 428, 1912, 864, 1515, 188, 1787, 466, 903, 416, 1772, 639, 252, 97, 619, 87, 1790, 1056, 932, 134, 1641, 1407, 1688, 240, 917, 1383, 1819, 858, 1794, 1530, 1620, 1158, 205, 203, 1591, 951, 179, 233, 1352, 1228, 1661, 1169, 1585, 847, 879, 1377, 1016, 537, 478, 775, 1561, 735, 124, 840, 237, 645, 1272, 45, 1554, 2, 1485,
1010, 1966, 960, 17, 1420, 1345, 1932, 423, 446, 264, 1493, 1851, 1957, 544, 1350, 1037, 1279, 1008, 1154, 641, 378, 1812, 1601, 1309, 1284, 1486, 1532, 702, 1232, 542, 654, 620, 1181, 1612, 16, 1286, 1869, 946, 562, 1935, 1883, 1003, 372, 1445, 1865, 1775, 1460, 886, 1269, 305, 1221, 821, 749, 153, 483, 581, 710, 169, 1169, 471, 1031, 661, 512, 1309, 842, 1904, 1541,
1503, 1485, 491, 1861, 531, 987, 732, 1795, 1260, 143, 131, 697, 1912, 1211, 1223, 1181, 1929, 1776, 384, 709, 589, 782, 142, 1517, 1982, 638, 587, 1892, 322, 1337, 862, 766, 819, 1426, 1518, 942, 1510, 1493, 699, 155, 1552, 1157, 1900, 287, 526, 843, 515, 1231, 1701, 492, 1228, 1420, 1268, 1069, 385, 793, 505, 1149, 1885, 1351, 551, 917, 1513, 764, 689, 305,
1204, 990, 1931, 1392, 197, 199, 546, 284, 343, 1995, 542, 1816, 1759, 1054, 1311, 1704, 898, 318, 452, 794, 1389, 1924, 1432, 200, 1897, 360, 714, 1726, 1985, 602, 748, 643, 990, 1443, 1530, 656, 629, 560, 669, 325, 709, 1237, 229, 1012, 995, 1059, 1120, 950, 1413, 1556, 1570, 907, 790, 1910, 301, 1000, 573, 1356, 224, 1890, 249, 792, 1577, 636, 147,
538, 29, 477, 1710, 1170, 238, 888, 634, 1598, 1512, 1497, 1792, 1955, 949, 479, 181, 608, 1311, 1939, 615, 816, 201, 1067, 1957, 330, 768, 1967, 1628, 618, 1798, 151, 1750, 470, 1297, 452, 1327, 1910, 1073, 1359, 1770, 31, 831, 1607, 958, 1051, 234, 609, 1155, 1252, 997, 749, 1882, 366, 507, 665, 790, 820, 1959, 1448, 1962, 784, 1989, 1539, 494,
1935, 392, 480, 379, 985, 468, 1931, 1872, 1729, 464, 1029, 1873, 1063, 708, 1228, 1511, 1389, 471, 996, 1975, 1528, 944, 1211, 909, 1102, 1151, 428, 1800, 1243, 195, 1008, 223, 302, 1570, 129, 587, 1454, 635, 1832, 1737, 1211, 1217, 562, 1183, 1360, 656, 1114, 772, 465, 232, 1171, 73, 38, 1387, 904, 877, 2000, 1813, 1973, 841, 454, 1703, 822,
1204, 1274, 1218, 1354, 1613, 38, 399, 860, 1921, 1890, 218, 1713, 1981, 1181, 1983, 168, 313, 1637, 1576, 1893, 1073, 1429, 784, 433, 1806, 1070, 362, 1079, 1925, 1570, 1802, 384, 1488, 375, 435, 882, 348, 529, 1429, 221, 473, 1120, 353, 1547, 1794, 762, 973, 524, 1732, 791, 677, 542, 788, 97, 664, 984, 27, 696, 309, 942, 1761, 1354,
236, 1723, 1940, 721, 1479, 1723, 14, 1201, 1077, 709, 2000, 1074, 337, 1336, 133, 1373, 1100, 1474, 527, 1165, 22, 750, 1861, 159, 84, 1141, 1358, 1645, 1719, 572, 1575, 1855, 157, 1093, 966, 769, 1543, 1926, 322, 1441, 1127, 952, 837, 978, 439, 1517, 215, 959, 164, 1706, 807, 1111, 296, 1113, 791, 1374, 1105, 1932, 132, 1599, 332,
1337, 1683, 843, 314, 327, 734, 807, 161, 124, 1535, 455, 148, 793, 565, 1540, 68, 1690, 1292, 314, 1447, 63, 705, 1124, 298, 506, 766, 742, 1428, 994, 1212, 1207, 1673, 1876, 78, 1370, 126, 463, 780, 370, 326, 1332, 1242, 989, 441, 409, 260, 1379, 780, 580, 916, 1924, 899, 88, 354, 0, 1916, 632, 926, 468, 1044,
672, 665, 1477, 143, 1273, 941, 1622, 437, 1613, 838, 3, 74, 1251, 1859, 1424, 271, 1987, 391, 701, 1406, 1208, 1600, 382, 1992, 1950, 1413, 1512, 771, 65, 323, 1021, 886, 1196, 131, 414, 896, 1697, 639, 1806, 1784, 520, 263, 1063, 1245, 713, 948, 1212, 1584, 1960, 1796, 792, 543, 1576, 1113, 324, 1222, 744, 1685, 784,
322, 1125, 238, 673, 988, 858, 1323, 1632, 557, 218, 286, 289, 577, 823, 292, 1313, 778, 705, 1374, 635, 1189, 1310, 979, 1694, 175, 865, 998, 1874, 1314, 1415, 857, 248, 1742, 1924, 1, 3, 1376, 268, 118, 76, 44, 1610, 1487, 1067, 1383, 200, 15, 211, 1289, 1767, 807, 195, 1790, 1940, 906, 591, 532, 611,
380, 489, 1748, 1513, 769, 1795, 751, 1071, 1289, 882, 800, 226, 1647, 558, 1897, 1767, 420, 1898, 26, 1536, 1406, 648, 1200, 1770, 261, 1545, 561, 585, 20, 1519, 956, 1635, 1780, 1199, 787, 284, 909, 1429, 628, 1328, 150, 1875, 1880, 27, 1742, 1938, 74, 1113, 910, 1055, 881, 450, 1622, 1389, 1641, 1706, 548,
548, 816, 779, 1290, 1137, 466, 795, 1754, 611, 759, 1867, 816, 1372, 151, 1648, 1968, 435, 804, 64, 148, 1742, 1387, 222, 218, 1516, 1269, 1759, 1767, 65, 1189, 229, 1103, 1595, 930, 390, 1798, 1016, 1021, 228, 471, 1058, 967, 1794, 690, 1046, 1436, 1062, 1360, 1327, 1616, 1114, 821, 871, 1427, 1353, 43,
834, 766, 1757, 262, 1527, 374, 1212, 1073, 110, 1334, 909, 685, 46, 362, 8, 1219, 937, 286, 602, 127, 1514, 1893, 1926, 1706, 1844, 1036, 1797, 1977, 896, 1549, 891, 55, 84, 700, 1445, 1297, 726, 1162, 1494, 1911, 1487, 2, 14, 578, 1790, 60, 1762, 1819, 1798, 598, 1071, 1253, 722, 988, 104,
535, 876, 1288, 1913, 1394, 961, 1580, 880, 757, 1370, 1651, 118, 1248, 735, 390, 661, 589, 1006, 611, 744, 1757, 1942, 420, 68, 220, 1659, 1373, 803, 956, 774, 477, 46, 1737, 1108, 1231, 367, 250, 1021, 1960, 434, 1431, 438, 1385, 1418, 773, 613, 1881, 592, 783, 1122, 849, 1777, 397, 1038,
1516, 1129, 1199, 1207, 1157, 1988, 1085, 1514, 1978, 515, 1331, 1241, 1648, 451, 592, 1886, 932, 660, 565, 1075, 1056, 1671, 857, 1858, 1945, 735, 234, 1922, 408, 1591, 1735, 835, 1234, 132, 1262, 80, 1355, 267, 1357, 1986, 1073, 787, 1208, 1914, 837, 1086, 362, 2000, 1567, 520, 135, 1519, 139,
313, 1854, 601, 1976, 1374, 654, 1698, 503, 1040, 1188, 502, 1434, 309, 1125, 227, 174, 1870, 1455, 105, 1898, 1894, 286, 482, 530, 1441, 969, 1689, 420, 1179, 78, 571, 1725, 1080, 40, 1456, 1007, 1402, 1590, 1850, 1487, 409, 75, 383, 1420, 1399, 87, 441, 1476, 229, 1669, 135, 297,
1551, 1379, 1948, 1681, 637, 215, 1688, 1716, 300, 1089, 1458, 1373, 278, 1788, 395, 468, 0, 922, 1558, 285, 497, 1686, 434, 343, 1075, 1345, 1931, 1942, 1823, 834, 1194, 1985, 569, 658, 1917, 1293, 1010, 749, 1364, 1853, 1098, 1190, 243, 1524, 220, 65, 1261, 998, 961, 1656, 1992,
839, 685, 1121, 759, 647, 1357, 1033, 1924, 640, 1311, 1436, 1781, 918, 1264, 1974, 1208, 1667, 144, 1210, 305, 164, 805, 1009, 658, 1245, 904, 216, 169, 1035, 1344, 893, 42, 182, 564, 706, 1623, 1122, 631, 1026, 1604, 786, 1475, 299, 1259, 995, 1637, 508, 37, 1756, 440,
1719, 1422, 927, 1578, 829, 236, 1784, 1896, 1854, 906, 892, 1776, 474, 1706, 1197, 467, 1500, 790, 1538, 626, 652, 370, 991, 871, 1632, 553, 1415, 1921, 1168, 406, 959, 203, 155, 311, 1679, 429, 453, 1121, 439, 1721, 1174, 68, 281, 232, 904, 541, 843, 708, 1534,
129, 818, 115, 1813, 1914, 1939, 884, 1221, 440, 1103, 1751, 722, 1091, 1017, 203, 1901, 1967, 239, 1959, 767, 1776, 1759, 1550, 1131, 1657, 91, 818, 1192, 1925, 1992, 174, 1563, 1995, 1143, 71, 203, 489, 1298, 1897, 321, 1422, 1578, 661, 1145, 1117, 620, 1061, 937,
1391, 0, 643, 1949, 664, 640, 1711, 1338, 1878, 11, 1032, 1324, 177, 873, 719, 1563, 112, 554, 1809, 1146, 1930, 1773, 1469, 1252, 618, 1844, 966, 1643, 564, 887, 1838, 1616, 1057, 1350, 1410, 1100, 1049, 816, 1635, 103, 1370, 1468, 196, 971, 673, 239, 603,
688, 1662, 1585, 1987, 1385, 727, 504, 1850, 1512, 103, 614, 1469, 701, 1642, 693, 1837, 1633, 45, 396, 1021, 1552, 1208, 884, 210, 1930, 1762, 1933, 1061, 990, 1065, 1013, 209, 1294, 1851, 1490, 324, 1514, 925, 274, 342, 1549, 1170, 6, 575, 303, 455,
611, 1045, 1120, 1168, 237, 489, 1741, 1757, 1015, 680, 1398, 853, 433, 1211, 1822, 1789, 1247, 479, 1273, 1014, 1572, 639, 213, 1874, 1554, 549, 1100, 1576, 1323, 1210, 1294, 902, 1654, 508, 1956, 1448, 1845, 1435, 581, 760, 1807, 1238, 511, 1152, 1168,
1430, 2, 1356, 1539, 745, 1190, 376, 258, 1030, 1474, 1077, 1773, 717, 974, 1633, 454, 765, 1491, 610, 1840, 1911, 280, 85, 1274, 389, 1475, 983, 1294, 734, 572, 1867, 392, 1189, 298, 1184, 1987, 256, 1430, 379, 348, 164, 285, 1836, 1598,
1125, 1030, 1460, 1308, 1915, 202, 499, 1613, 1958, 1663, 873, 819, 1033, 1818, 410, 1818, 1015, 1950, 232, 970, 279, 1451, 89, 439, 5, 888, 765, 1217, 320, 470, 376, 20, 490, 1688, 1745, 1952, 1731, 243, 84, 878, 95, 695, 1158,
847, 1199, 833, 722, 1315, 172, 1015, 957, 698, 157, 1029, 888, 1794, 281, 1022, 1420, 324, 1680, 1846, 1274, 1826, 1548, 26, 278, 1815, 449, 1286, 277, 1093, 1474, 438, 1174, 1470, 634, 1904, 582, 736, 437, 659, 521, 1394, 1380,
734, 837, 936, 745, 426, 1525, 1903, 622, 514, 379, 1692, 1960, 1939, 414, 217, 607, 1789, 580, 1657, 0, 689, 961, 1819, 1314, 871, 1325, 166, 1198, 1988, 605, 138, 846, 519, 1173, 1625, 1067, 77, 1973, 1693, 1545, 1321,
1223, 1362, 1450, 682, 94, 1155, 182, 242, 1095, 904, 1631, 1404, 1691, 1875, 1574, 312, 1978, 1236, 839, 510, 1355, 1349, 1690, 470, 555, 973, 295, 809, 1552, 791, 87, 1454, 1691, 441, 313, 1782, 1279, 1980, 1065, 293,
1270, 1932, 1321, 1566, 1160, 1550, 540, 399, 54, 945, 1653, 1918, 33, 1515, 1182, 1263, 1105, 1586, 198, 298, 1422, 1676, 707, 1771, 637, 1237, 1744, 49, 1818, 139, 131, 1101, 991, 2000, 1719, 1632, 55, 1863, 797,
243, 1649, 460, 199, 1624, 367, 949, 372, 1161, 601, 735, 1111, 1396, 1508, 896, 1911, 525, 1544, 352, 1585, 1142, 47, 1373, 543, 457, 1572, 1202, 1360, 1226, 484, 1786, 1411, 192, 159, 391, 1224, 562, 1947,
808, 1436, 1023, 552, 1463, 1380, 499, 1276, 1280, 1925, 1495, 1618, 16, 1612, 655, 13, 1492, 1208, 852, 537, 856, 1973, 328, 989, 348, 611, 154, 757, 441, 355, 506, 1037, 199, 690, 923, 1761, 1947,
384, 1676, 425, 206, 339, 1756, 954, 1357, 1468, 325, 1696, 1213, 1308, 967, 977, 349, 451, 712, 1594, 938, 1158, 93, 1274, 1491, 1917, 1755, 415, 1667, 856, 63, 496, 98, 975, 1517, 1504, 423,
191, 718, 865, 1705, 1453, 145, 1823, 1376, 1799, 220, 1603, 1819, 604, 1047, 617, 661, 450, 1390, 473, 1180, 679, 575, 540, 1367, 1734, 1793, 111, 385, 1939, 585, 1173, 326, 1496, 1594, 1483,
908, 1460, 1008, 29, 750, 1843, 526, 1195, 678, 1104, 1039, 1633, 1868, 148, 1763, 848, 814, 1577, 1549, 1031, 1607, 924, 107, 290, 1105, 810, 734, 108, 1212, 325, 1709, 1296, 1053, 752,
1322, 1699, 356, 1089, 1022, 457, 604, 950, 504, 257, 207, 459, 1772, 420, 1550, 455, 1558, 127, 1191, 1586, 1543, 426, 1964, 355, 204, 571, 1054, 1017, 286, 1197, 657, 1554, 1978,
1390, 269, 1604, 1315, 962, 665, 880, 818, 928, 1136, 1941, 632, 607, 1547, 1961, 1355, 1941, 928, 1034, 1468, 880, 895, 1626, 1649, 1699, 342, 483, 59, 772, 1013, 1590, 1321,
215, 1294, 494, 1924, 364, 1502, 1034, 8, 367, 307, 1341, 405, 1044, 1626, 228, 1414, 157, 1617, 1779, 104, 1520, 228, 562, 1883, 431, 916, 1, 482, 1225, 1734, 384,
222, 349, 362, 1130, 1002, 88, 1049, 384, 1687, 264, 1684, 1448, 1823, 962, 1542, 344, 426, 570, 1592, 1596, 958, 603, 1517, 1303, 740, 395, 1880, 972, 720, 631,
1797, 758, 1959, 995, 1608, 1596, 1426, 72, 1360, 1940, 1202, 668, 1563, 840, 679, 249, 1748, 1925, 1513, 1410, 1777, 855, 1040, 846, 1880, 734, 1342, 1192, 75,
993, 1636, 1374, 847, 338, 1689, 847, 1495, 1621, 301, 1265, 246, 406, 1722, 982, 941, 437, 1051, 964, 603, 998, 1780, 650, 952, 1818, 1119, 901, 106,
841, 1789, 1402, 258, 622, 1195, 1055, 1795, 1645, 550, 54, 710, 263, 1157, 1544, 49, 1956, 1915, 1936, 231, 1454, 645, 1775, 1385, 1105, 442, 839,
1743, 1881, 1012, 473, 691, 735, 1577, 433, 1859, 749, 542, 1625, 1849, 558, 445, 1191, 394, 627, 654, 280, 1500, 1701, 34, 1923, 1172, 238,
1055, 845, 1587, 320, 926, 836, 198, 1942, 406, 359, 1353, 697, 1049, 866, 1758, 1143, 1958, 1414, 1033, 1320, 1014, 1533, 231, 1585, 1458,
1136, 1936, 1773, 1678, 459, 844, 963, 1303, 1123, 26, 1146, 1219, 482, 887, 231, 1733, 1831, 985, 1374, 348, 1670, 1551, 249, 1777,
717, 432, 1779, 77, 61, 1013, 1742, 5, 1565, 367, 711, 1912, 1270, 852, 77, 675, 1861, 1954, 1446, 475, 203, 45, 731,
1384, 1936, 373, 1451, 1522, 1499, 17, 1827, 1444, 1977, 305, 1388, 1118, 1838, 1161, 74, 1758, 1547, 468, 1751, 1979, 114,
296, 1701, 374, 484, 894, 1411, 1774, 1927, 23, 1518, 1501, 719, 600, 1689, 306, 714, 691, 621, 324, 787, 1750,
1266, 1714, 1127, 559, 1879, 1220, 1723, 280, 1943, 1848, 1751, 1719, 1351, 1345, 1519, 947, 485, 170, 1451, 1926,
947, 525, 1244, 1134, 1647, 1861, 1618, 48, 1334, 547, 1659, 1051, 108, 504, 1676, 1543, 375, 800, 1210,
328, 99, 631, 1430, 1430, 1092, 1477, 1888, 454, 728, 1289, 642, 1227, 468, 372, 1867, 247, 700,
1905, 764, 1845, 1127, 500, 1026, 57, 1027, 1644, 107, 1638, 464, 907, 1759, 670, 1285, 606,
733, 806, 746, 948, 1426, 1779, 1293, 1789, 996, 854, 1132, 217, 340, 508, 729, 1086,
1639, 831, 1809, 712, 1653, 1270, 1055, 402, 687, 1716, 1215, 1046, 535, 812, 1000,
1577, 677, 1091, 527, 1817, 1540, 695, 1320, 1769, 1977, 499, 365, 1734, 16,
877, 165, 1500, 1057, 622, 967, 1894, 1523, 1802, 440, 814, 704, 1040,
801, 1368, 697, 1654, 1158, 968, 99, 324, 1086, 1049, 206, 1926,
1465, 1590, 1481, 1705, 105, 614, 586, 685, 536, 923, 1019,
180, 1081, 1490, 750, 126, 630, 1844, 516, 835, 698,
1101, 979, 151, 1497, 338, 125, 842, 1234, 1371,
85, 1830, 712, 684, 239, 1148, 264, 249,
1340, 815, 1075, 709, 1417, 1020, 1422,
555, 464, 1452, 1495, 278, 978,
1432, 318, 171, 1780, 732,
1326, 1211, 1270, 1727,
890, 802, 1284,
1124, 727,
1479,
NOTE = 